month,一楼,二楼,三楼
2019年8月,0.4639 ,0.1456 ,0.3905 
2019年9月,0.4346 ,0.1247 ,0.4408 
2019年10月,0.4325 ,0.1261 ,0.4414 
2019年11月,0.4916 ,0.1436 ,0.3649 
2019年12月,0.4774 ,0.1547 ,0.3679 
2020年1月,0.5084 ,0.1363 ,0.3552 
2020年2月,0.4536 ,0.1294 ,0.4170 
2020年3月,0.4310 ,0.1263 ,0.4426 
2020年4月,0.4274 ,0.1377 ,0.4349 
2020年5月,0.4243 ,0.1734 ,0.4023 
2020年6月,0.4246 ,0.1773 ,0.3981 
2020年7月,0.4168 ,0.1639 ,0.4193 